000000057870
000000384029
000000222016
000000520950
000000069675
000000547471
000000122688
000000392136
000000398494
000000090570
000000504616
000000161919
000000457732
000000044404
000000004428
000000170558
000000405613
000000283524
000000037015
000000071631
000000491269
000000365363
000000064460
000000581674
000000470072
000000344806
000000084427
000000317237
000000409382
000000570608
000000469605
000000356702
000000405207
000000472925
000000214704
000000279108
000000438422
000000257350
000000393493
000000062426
000000019380
000000485894
000000446014
000000530683
000000292835
000000262845
000000299411
000000042493
000000239811
000000002024
000000095133
000000287541
000000441488
000000179620
000000070000
000000543877
000000420721
000000540162
000000218956
000000318574
000000172899
000000352884
000000394326
000000535786
000000357684
000000576757
000000165499
000000181104
000000055627
000000241364
000000209967
000000153674
000000354444
000000098760
000000311914
000000467311
000000236772
000000049183
000000426038
000000309322
000000318189
000000343322
000000036633
000000213546
000000378710
000000189993
000000551125
000000077806
000000546451
000000444546
000000147016
000000497616
000000520208
000000199628
000000280980
000000167613
000000142088
000000301778
000000454325
000000289019
000000246804
000000062604
000000388911
000000412535
000000062279
000000496939
000000066514
000000093785
000000486320
000000217306
000000287927
000000269829
000000353139
000000574001
000000096557
000000559527
000000477797
000000223726
000000413746
000000313932
000000524068
000000270912
000000528906
000000278347
000000267688
000000374114
000000341550
000000079481
000000560459
000000147170
000000448698
000000302389
000000399956
000000377694
000000316676
000000096997
000000309093
000000570246
000000070868
000000409513
000000387083
000000513541
000000576801
000000239728
000000474882
000000095989
000000523617
000000462559
000000280260
000000150867
000000153946
000000483008
000000424102
000000168194
000000101418
000000445528
000000334080
000000108627
000000122108
000000157032
000000326511
000000345781
000000371029
000000145179
000000170850
000000077375
000000525589
000000560628
000000212091
000000018885
000000167603
000000225750
000000155845
000000215481
000000136461
000000259446
000000412198
000000277854
000000160163
000000556801
000000219025
000000147303
000000540988
000000388754
000000265709
000000303291
000000505126
000000246446
000000210932
000000160559
000000492386
000000496283
000000351430
000000008649
000000085685
000000483751
000000186233
000000109424
000000348850
000000127204
000000049845
000000338819
000000124815
000000054254
000000555120
000000280778
000000013352
000000132420
000000367449
000000548562
000000427491
000000525721
000000018736
000000391426
000000221615
000000520451
000000193094
000000507934
000000453287
000000177976
000000498943
000000463172
000000270715
000000067674
000000010581
000000146049
000000533050
000000521772
000000180220
000000267516
000000091160
000000224794
000000255123
000000036448
000000208261
000000463596
000000221380
000000074477
000000074533
000000412632
000000188637
000000080406
000000327628
000000465153
000000138514
000000203744
000000425709
000000020308
000000510207
000000361059
000000204572
000000069242
000000210679
000000087135
000000297510
000000031604
000000424982
000000469556
000000559024
000000227490
000000570618
000000266623
000000079354
000000061048
000000200764
000000199956
000000025695
000000290511
000000176008
000000085339
000000568614
000000049643
000000548183
000000448255
000000443749
000000546013
000000487286
000000133200
000000256778
000000355987
000000416766
000000535526
000000326374
000000566743
000000546031
000000271870
000000016531
000000148839
000000567627
000000334594
000000414189
000000544386
000000307082
000000155417
000000429685
000000529602
000000407936
000000379279
000000403144
000000287735
000000504099
000000228712
000000412794
000000498679
000000271875
000000051278
000000030693
000000328819
000000170512
000000502964
000000197318
000000335866
000000203867
000000043971
000000066309
000000426664
000000196291
000000512845
000000219680
000000513956
000000341844
000000105026
000000106652
000000243792
000000496678
000000239754
000000047087
000000520343
000000326935
000000191120
000000349129
000000577196
000000032044
000000140426
000000097747
000000050658
000000263094
000000387392
000000080105
000000149961
000000336477
000000162077
000000232889
000000539631
000000580837
000000420025
000000419310
000000450776
000000274570
000000497522
000000515622
000000311933
000000505700
000000555037
000000063230
000000502204
000000190884
000000158105
000000128027
000000504911
000000129064
000000133549
000000402759
000000128631
000000387731
000000129438
000000023072
000000282485
000000083770
000000173634
000000510239
000000278301
000000417720
000000501358
000000388171
000000576733
000000469587
000000136184
000000216406
000000266200
000000317788
000000114701
000000134327
000000038801
000000167126
000000424439
000000455877
000000569538
000000421658
000000541767
000000418099
000000096975
000000330952
000000533504
000000301362
000000241809
000000261800
000000528960
000000539265
000000192866
000000152701
000000334032
000000192576
000000040283
000000107571
000000184135
000000264241
000000467809
000000446732
000000153960
000000572243
000000410366
000000014757
000000544156
000000088789
000000241887
000000337156
000000016314
000000097540
000000130834
000000158322
000000008290
000000571955
000000000625
000000048204
000000242631
000000185290
000000466839
000000570403
000000445427
000000185448
000000123166
000000437714
000000464951
000000279341
000000001025
000000286698
000000147049
000000307315
000000014998
000000466771
000000022815
000000007069
000000055298
000000104898
000000380885
000000312486
000000203868
000000409155
000000415849
000000495789
000000526598
000000413414
000000466169
000000502297
000000406462
000000246278
000000264169
000000402362
000000167712
000000056303
000000375788
000000050618
000000374971
000000096453
000000307137
000000131915
000000106051
000000521184
000000519489
000000042671
000000472662
000000369199
000000265744
000000312660
000000147780
000000235358
000000359825
000000552054
000000075477
000000417693
000000562623
000000359141
000000153667
000000098746
000000420529
000000147788
000000283658
000000052038
000000036736
000000260347
000000512629
000000132538
000000530796
000000545334
000000274734
000000204537
000000479729
000000042828
000000255181
000000457530
000000487589
000000211221
000000405197
000000501388
000000244282
000000305366
000000450961
000000421578
000000409884
000000249272
000000008773
000000076584
000000288358
000000271890
000000131299
000000158747
000000179421
000000136711
000000357649
000000433301
000000268129
000000576214
000000179990
000000033946
000000448571
000000376946
000000560388
000000333492
000000518242
000000122250
000000349527
000000391272
000000424572
000000404766
000000255306
000000341054
000000410845
000000434884
000000123514
000000391439
000000426880
000000452500
000000007028
000000149280
000000220697
000000369546
000000366554
000000556065
000000196663
000000155263
000000427335
000000504657
000000537532
000000106666
000000098413
000000571885
000000310049
000000234749
000000434084
000000049851
000000329004
000000157588
000000230160
000000330436
000000249141
000000276749
000000420939
000000303923
000000330187
000000017566
000000175118
000000080134
000000395030
000000373511
000000460408
000000242709
000000074502
000000267540
000000230892
000000158514
000000064897
000000094885
000000310714
000000069081
000000183336
000000139285
000000548293
000000457514
000000220232
000000046997
000000581662
000000299712
000000017153
000000471245
000000462908
000000068430
000000527344
000000232123
000000485526
000000454692
000000350253
000000433830
000000088572
000000027622
000000382472
000000031187
000000336079
000000413198
000000232781
000000027157
000000443869
000000112327
000000146510
000000559925
000000529910
000000533784
000000301134
000000438816
000000382069
000000460950
000000042519
000000559695
000000144666
000000058677
000000010046
000000075170
000000358828
000000239478
000000110894
000000333461
000000579312
000000176726
000000005559
000000448069
000000395192
000000118412
000000210810
000000102630
000000170193
000000204351
000000368548
000000048707
000000063378
000000058481
000000492642
000000475142
000000408219
000000120159
000000248002
000000340674
000000490385
000000439518
000000027627
000000403463
000000077444
000000051396
000000147961
000000343201
000000320471
000000370537
000000380520
000000343655
000000230537
000000339579
000000223595
000000498722
000000471762
000000277857
000000465829
000000282514
000000029813
000000405013
000000004172
000000491107
000000246120
000000577022
000000147914
000000081981
000000540679
000000023451
000000254948
000000441883
000000476537
000000390923
000000460617
000000080123
000000117677
000000481736
000000571451
000000235652
000000338989
000000505625
000000432144
000000082858
000000146249
000000172420
000000225562
000000211955
000000180002
000000339603
000000287084
000000198240
000000534925
000000009658
000000267612
000000444308
000000261432
000000315466
000000436391
000000317216
000000042297
000000248580
000000116268
000000091697
000000460240
000000496039
000000084391
000000256475
000000424536
000000116723
000000288662
000000496530
000000436830
000000319645
000000556620
000000452177
000000470025
000000436596
000000001261
000000571031
000000096496
000000501204
000000078859
000000390782
000000382997
000000182612
000000336763
000000163089
000000057810
000000444171
000000277393
000000361397
000000318162
000000397877
000000285891
000000537371
000000060402
000000141941
000000427842
000000414314
000000307299
000000505234
000000541298
000000536641
000000191175
000000566704
000000032626
000000281122
000000307758
000000142565
000000244615
000000379399
000000564781
000000371991
000000525698
000000287867
000000126323
000000338964
000000000620
000000004260
000000553278
000000459899
000000043264
000000167300
000000322080
000000435718
000000270195
000000385882
000000193471
000000289282
000000375926
000000531337
000000253577
000000546311
000000353754
000000170601
000000039758
000000181628
000000365135
000000496517
000000204463
000000406386
000000512786
000000337819
000000229193
000000359059
000000160940
000000508821
000000235795
000000543534
000000579042
000000247224
000000062613
000000312887
000000442961
000000327536
000000515470
000000537862
000000201476
000000261479
000000048711
000000002693
000000240339
000000424472
000000568243
000000363821
000000083670
000000369860
000000092420
000000128750
000000532704
000000220529
000000146988
000000071855
000000386062
000000327726
000000204225
000000035248
000000177858
000000303519
000000210080
000000034223
000000238500
000000362399
000000327810
000000084015
000000232919
000000165100
000000544169
000000389965
000000403841
000000245116
000000139887
000000555183
000000280873
000000120360
000000171075
000000549237
000000295154
000000139758
000000259240
000000057745
000000289510
000000338143
000000536776
000000356237
000000455252
000000503883
000000202806
000000372489
000000561251
000000470305
000000414244
000000012069
000000191770
000000019002
000000475804
000000301916
000000434069
000000213117
000000281586
000000412615
000000394539
000000068237
000000203177
000000361475
000000260827
000000421250
000000045004
000000323389
000000112137
000000555282
000000010711
000000057375
000000480852
000000448381
000000445425
000000140787
000000005614
000000453037
000000428896
000000149233
000000056292
000000030303
000000253725
000000020644
000000156258
000000366704
000000290098
000000433951
000000277156
000000341430
000000201919
000000329675
000000529427
000000340623
000000299881
000000484313
000000162295
000000483992
000000255550
000000205384
000000158821
000000007809
000000494032
000000388153
000000581227
000000093860
000000260006
000000196611
000000238850
000000109169
000000362919
000000310214
000000207250
000000423932
000000216517
000000138494
000000160041
000000397388
000000490535
000000418988
000000479272
000000211540
000000051791
000000201173
000000396179
000000168869
000000286569
000000150969
000000012472
000000362367
000000262463
000000141180
000000399456
000000546517
000000082597
000000431788
000000199318
000000210728
000000401821
000000566258
000000498562
000000048181
000000005809
000000234781
000000511550
000000248017
000000133641
000000328318
000000020137
000000130292
000000218760
000000301890
000000247909
000000100407
000000189520
000000456350
000000272785
000000089788
000000162109
000000362561
000000282523
000000352208
000000477115
000000355628
000000069564
000000311099
000000278698
000000144371
000000173695
000000333518
000000121101
000000024076
000000131487
000000266885
000000123995
000000363006
000000272157
000000348580
000000133634
000000405469
000000429437
000000334529
000000413164
000000220037
000000427555
000000537866
000000533602
000000051663
000000223404
000000307113
000000504566
000000115316
000000346270
000000571653
000000066301
000000242431
000000024231
000000484171
000000343418
000000068633
000000312398
000000566988
000000533522
000000128127
000000137778
000000087096
000000263504
000000192835
000000442557
000000147319
000000099192
000000047093
000000255614
000000109580
000000542930
000000035434
000000428925
000000352073
000000144036
000000564884
000000412101
000000226966
000000081177
000000455545
000000496776
000000462477
000000434338
000000267504
000000062710
000000400417
000000256731
000000128254
000000143965
000000578171
000000562835
000000557151
000000191439
000000070710
000000493547
000000082118
000000453601
000000175703
000000271495
000000082729
000000309267
000000246924
000000494199
000000303431
000000331072
000000422295
000000235177
000000173821
000000515377
000000112747
000000344830
000000304126
000000088136
000000471905
000000300444
000000181156
000000210597
000000516439
000000547165
000000511231
000000534581
000000088603
000000111556
000000458282
000000531331
000000113967
000000433019
000000485940
000000363145
000000557515
000000132520
000000119358
000000083002
000000557400
000000130206
000000566489
000000461597
000000095867
000000149320
000000371513
000000330086
000000453397
000000309797
000000361638
000000068283
000000176622
000000034884
000000524709
000000381275
000000551934
000000195368
000000360269
000000249397
000000245089
000000560412
000000156904
000000056615
000000385687
000000330028
000000271106
000000418818
000000405729
000000248187
000000070804
000000479467
000000513105
000000219204
000000067080
000000473793
000000321330
000000211230
000000378499
000000301191
000000539647
000000322992
000000076014
000000058403
000000134165
000000073724
000000193821
000000385448
000000380108
000000491833
000000285729
000000232161
000000328592
000000163483
000000503050
000000355054
000000313007
000000531096
000000095381
000000069209
000000503249
000000166086
000000435803
000000302282
000000504769
000000208329
000000167856
000000506097
000000116956
000000492303
000000378654
000000543217
000000349474
000000545124
000000416718
000000368440
000000188911
000000252736
000000187844
000000185888
000000024020
000000435284
000000013188
000000438978
000000111223
000000364303
000000314681
000000412501
000000476430
000000359030
000000048947
000000476515
000000368479
000000341916
000000043016
000000143085
000000297154
000000410356
000000063820
000000493253
000000274424
000000080535
000000521726
000000036663
000000406139
000000496793
000000541532
000000217135
000000529117
000000294380
000000149842
000000090509
000000042254
000000430495
000000004068
000000318507
000000412040
000000233245
000000073414
000000293860
000000113442
000000222871
000000490735
000000349939
000000268266
000000144925
000000258792
000000105522
000000209906
000000474453
000000154062
000000484150
000000575590
000000375801
000000199165
000000508955
000000477887
000000502425
000000180139
000000161930
000000071691
000000137877
000000466042
000000081676
000000567416
000000521739
000000251096
000000444636
000000250577
000000337126
000000314109
000000435482
000000467091
000000241281
000000236941
000000203021
000000106525
000000369521
000000392035
000000207597
